% depth	age	dO18
4	-34	-35.24			
6	-30	-36.10	
8	-26	-34.44	
10	-22	-35.03	
12	-17	-34.37	
14	-12	-33.76	
16	-8	-35.08	
18	-3	-34.76	
20	2	-34.72	
22	7	-34.37	
24	12	-34.12	
26	17	-33.70	
28	23	-35.00	
30	29	-36.56	
32	35	-36.00	
34	40	-34.42	
36	47	-34.83	
38	53	-35.68	
40	59	-34.63	
42	65	-35.61	
44	71	-34.43	
46	77	-33.85	
48	84	-35.50	
50	91	-35.76	
52	97	-34.53	
54	103	-35.11	
56	111	-35.14	
58	118	-35.99	
60	123	-34.95	
62	131	-35.06	
64	139	-35.04	
66	145	-34.75	
68	152	-35.72	
70	159	-34.36	
72	166	-35.16	
74	174	-34.69	
76	182	-35.35	
78	190	-35.45	
80	197	-35.47	
82	204	-35.38	
84	213	-35.16	
86	220	-35.06	
88	227	-35.16	
90	235	-35.52	
92	243	-35.17	
94	252	-35.54	
96	259	-35.63	
98	266	-34.85	
100	273	-35.06	
102	281	-34.48	
104	290	-34.85	
106	298	-34.48	
108	305	-35.59	
110	313	-36.18	
112	320	-34.82	
114	329	-34.91	
116	336	-34.60	
118	345	-35.46	
120	353	-34.51	
122	361	-35.49	
124	369	-35.29	
126	377	-35.23	
128	386	-35.78	
130	395	-34.00	
132	404	-35.72	
134	411	-34.77	
136	419	-34.63	
138	428	-35.98	
140	437	-34.75	
142	445	-35.42	
144	453	-34.93	
146	461	-34.83	
148	470	-35.75	
150	480	-35.23	
152	490	-34.85	
154	498	-35.06	
156	507	-34.69	
158	515	-35.69	
160	523	-34.65	
162	531	-34.63	
164	539	-34.67	
166	548	-34.77	
168	557	-34.85	
170	564	-35.45	
172	573	-34.69	
174	581	-34.88	
176	589	-35.75	
178	598	-35.73	
180	606	-35.25	
182	615	-35.36	
184	623	-35.11	
186	632	-34.99	
188	641	-34.99	
190	650	-34.89	
192	659	-35.49	
194	667	-34.07	
196	676	-34.95	
198	684	-35.60	
200	693	-34.46	
202	703	-35.05	
204	711	-35.75	
206	720	-34.87	
208	730	-34.67	
210	739	-34.14	
212	749	-35.36	
214	758	-34.97	
216	767	-35.12	
218	777	-35.35	
220	787	-35.60	
222	795	-35.60	
224	804	-34.51	
226	812	-34.57	
228	820	-34.26	
230	829	-34.49	
232	838	-35.23	
234	846	-34.56	
236	855	-35.12	
238	863	-34.67	
240	872	-35.01	
242	882	-34.82	
244	890	-35.20	
246	898	-34.88	
248	907	-35.03	
250	915	-35.54	
252	925	-34.57	
254	932	-34.55	
256	941	-34.85	
258	950	-34.78	
260	958	-34.26	
262	968	-34.48	
264	976	-34.02	
266	984	-35.53	
268	993	-34.05	
270	1002	-34.60	
272	1011	-34.08	
274	1019	-34.63	
276	1028	-35.35	
278	1037	-34.57	
280	1046	-35.40	
282	1055	-34.73	
284	1064	-35.24	
286	1072	-35.13	
288	1081	-35.08	
290	1090	-36.17	
292	1098	-35.12	
294	1106	-35.49	
296	1115	-34.34	
298	1124	-35.40	
300	1132	-35.59	
302	1140	-35.27	
304	1150	-34.86	
306	1158	-34.37	
308	1166	-35.59	
310	1176	-35.09	
312	1184	-35.22	
314	1193	-34.61	
316	1201	-34.60	
318	1210	-34.93	
320	1218	-35.56	
322	1227	-35.39	
324	1237	-34.88	
326	1247	-35.49	
328	1256	-35.54	
330	1264	-34.77	
332	1272	-34.97	
334	1281	-35.36	
336	1290	-34.57	
338	1299	-35.16	
340	1309	-35.10	
342	1317	-35.01	
344	1326	-34.77	
360	1407	-34.81	
362	1416	-35.10	
364	1426	-34.18	
366	1436	-35.16	
368	1447	-34.82	
370	1457	-35.13	
372	1467	-34.54	
374	1475	-35.27	
376	1484	-33.99	
378	1493	-34.89	
380	1503	-35.21	
382	1513	-34.10	
384	1522	-34.28	
386	1533	-34.09	
388	1542	-35.22	
390	1552	-35.22	
392	1562	-34.80	
394	1571	-35.69	
396	1580	-35.45	
398	1590	-34.81	
400	1601	-34.74	
402	1611	-34.87	
404	1620	-35.05	
406	1630	-34.70	
408	1639	-34.62	
410	1650	-34.58	
412	1661	-34.50	
414	1670	-34.04	
416	1680	-34.50	
418	1690	-35.14	
420	1701	-34.67	
422	1711	-35.11	
424	1721	-35.22	
426	1731	-35.04	
428	1741	-35.02	
430	1751	-34.80	
432	1762	-35.01	
434	1774	-35.90	
436	1785	-35.07	
438	1794	-34.97	
440	1805	-34.92	
442	1814	-35.08	
444	1823	-34.45	
446	1833	-34.47	
448	1843	-34.98	
450	1853	-35.21	
452	1864	-34.67	
454	1873	-34.44	
456	1883	-33.93	
458	1891	-34.68	
460	1901	-35.66	
462	1910	-34.68	
464	1920	-35.17	
466	1929	-34.53	
468	1939	-35.07	
470	1949	-34.37	
472	1958	-34.80	
474	1968	-34.00	
476	1978	-34.22	
478	1988	-34.19	
480	1997	-35.13	
482	2008	-34.81	
484	2019	-34.48	
486	2030	-35.06	
488	2040	-34.19	
490	2051	-34.50	
492	2060	-33.58	
494	2070	-34.36	
496	2080	-34.47	
498	2090	-34.36	
500	2100	-33.93	
502	2110	-34.41	
504	2121	-35.20	
506	2133	-35.13	
508	2143	-35.16	
510	2154	-34.84	
512	2164	-34.96	
514	2174	-34.42	
516	2184	-34.91	
518	2194	-34.53	
520	2204	-34.84	
522	2214	-34.59	
524	2224	-34.08	
526	2234	-34.80	
528	2244	-34.43	
530	2254	-35.18	
532	2265	-35.28	
534	2275	-35.26	
536	2285	-34.91	
538	2295	-34.19	
540	2305	-34.34	
542	2316	-35.13	
544	2326	-34.55	
546	2336	-34.35	
548	2346	-34.78	
550	2357	-34.11	
552	2368	-33.91	
554	2377	-34.24	
556	2388	-34.57	
558	2398	-34.53	
560	2408	-34.97	
562	2419	-34.99	
564	2429	-34.62	
566	2440	-35.40	
568	2451	-35.61	
570	2462	-34.55	
572	2472	-34.42	
574	2482	-34.87	
576	2492	-34.86	
578	2505	-35.10	
580	2515	-34.17	
582	2526	-35.12	
584	2537	-34.36	
586	2548	-34.34	
588	2560	-34.54	
590	2570	-34.63	
592	2581	-35.33	
594	2592	-34.56	
596	2603	-34.88	
598	2613	-35.14	
600	2623	-35.03	
602	2634	-34.79	
604	2644	-34.54	
606	2655	-35.18	
608	2667	-34.97	
610	2677	-35.18	
612	2688	-34.39	
614	2699	-34.96	
616	2709	-34.05	
618	2722	-33.95	
620	2734	-34.85	
622	2746	-35.54	
624	2756	-34.88	
626	2767	-35.20	
628	2778	-34.52	
630	2788	-35.15	
632	2798	-34.96	
634	2809	-34.75	
636	2819	-34.76	
638	2830	-34.44	
640	2841	-34.65	
642	2852	-34.37	
644	2863	-34.47	
646	2873	-34.58	
648	2884	-35.43	
650	2895	-34.67	
652	2906	-34.02	
654	2917	-35.12	
656	2927	-34.32	
658	2938	-34.48	
660	2949	-34.72	
662	2960	-34.88	
664	2971	-35.54	
666	2983	-35.14	
668	2993	-34.93	
670	3004	-34.73	
672	3015	-35.08	
674	3025	-34.44	
676	3036	-34.86	
678	3047	-34.95	
680	3058	-34.85	
682	3070	-34.26	
684	3083	-34.50	
686	3096	-34.82	
688	3109	-34.81	
690	3120	-35.35	
692	3132	-34.85	
694	3144	-33.80	
696	3156	-33.07	
698	3167	-33.37	
700	3179	-34.80	
702	3189	-34.97	
704	3199	-34.74	
706	3211	-33.84	
708	3225	-34.54	
710	3237	-34.51	
712	3247	-34.51	
714	3259	-34.61	
716	3271	-34.20	
718	3282	-34.09	
720	3293	-33.70	
722	3306	-34.26	
724	3318	-34.55	
726	3329	-34.33	
728	3341	-34.78	
730	3353	-34.90	
732	3364	-34.57	
734	3377	-35.08	
736	3388	-35.01	
738	3400	-34.96	
740	3412	-35.32	
746	3448	-35.05	
748	3461	-34.33	
750	3473	-34.83	
752	3484	-34.22	
754	3497	-33.95	
756	3508	-34.34	
758	3520	-34.64	
760	3532	-34.40	
762	3544	-35.25	
764	3556	-35.14	
766	3568	-34.68	
768	3579	-34.50	
770	3591	-34.24	
772	3602	-34.71	
774	3615	-34.44	
776	3627	-34.28	
778	3639	-35.10	
780	3651	-34.07	
782	3664	-34.65	
784	3676	-35.10	
786	3687	-34.56	
788	3698	-34.87	
790	3710	-34.88	
792	3722	-34.91	
794	3735	-35.11	
796	3746	-34.64	
798	3758	-34.24	
800	3770	-35.05	
802	3783	-34.41	
804	3794	-35.05	
806	3806	-34.93	
808	3818	-35.22	
810	3831	-34.33	
812	3843	-35.48	
814	3855	-34.92	
816	3867	-34.78	
818	3879	-35.36	
820	3892	-35.01	
822	3904	-34.37	
824	3916	-34.99	
826	3929	-35.21	
828	3941	-35.16	
830	3954	-35.05	
832	3967	-34.68	
834	3979	-34.61	
836	3992	-34.61	
838	4004	-34.24	
840	4017	-34.54	
842	4030	-35.18	
844	4043	-35.06	
846	4055	-34.63	
848	4068	-34.36	
850	4081	-35.35	
852	4094	-34.78	
854	4106	-33.81	
856	4119	-34.96	
858	4132	-34.40	
860	4145	-34.79	
862	4158	-35.02	
864	4169	-34.53	
866	4182	-34.76	
868	4194	-34.46	
870	4207	-34.70	
872	4219	-34.68	
874	4232	-34.93	
876	4244	-35.02	
878	4257	-34.18	
880	4271	-34.24	
882	4283	-34.54	
884	4295	-35.00	
886	4307	-34.69	
888	4320	-34.86	
890	4333	-34.59	
892	4346	-35.49	
894	4359	-35.79	
896	4371	-34.56	
898	4384	-35.41	
900	4397	-34.74	
902	4410	-34.79	
904	4423	-35.26	
906	4436	-34.49	
908	4448	-34.52	
910	4460	-35.76	
912	4473	-34.88	
914	4486	-34.75	
916	4500	-35.24	
918	4513	-34.53	
920	4525	-34.89	
922	4538	-34.87	
924	4552	-35.11	
926	4565	-34.58	
928	4578	-34.33	
930	4591	-34.90	
932	4604	-35.52	
934	4617	-35.11	
936	4631	-34.67	
938	4643	-36.09	
940	4656	-36.16	
942	4670	-34.57	
944	4682	-34.60	
946	4694	-34.95	
948	4709	-34.80	
950	4721	-34.61	
952	4734	-35.43	
954	4747	-35.32	
956	4761	-35.16	
958	4774	-35.64	
960	4789	-34.73	
962	4802	-34.61	
964	4815	-34.91	
966	4828	-34.97	
968	4841	-35.24	
970	4854	-34.53	
972	4867	-33.68	
974	4880	-34.76	
976	4894	-34.67	
978	4907	-34.52	
980	4920	-34.82	
982	4933	-33.96	
984	4946	-34.90	
986	4959	-34.66	
988	4973	-34.71	
990	4988	-35.09	
992	5001	-34.31	
994	5015	-35.04	
996	5029	-34.52	
998	5042	-34.21	
1000	5055	-34.57	
1002	5070	-35.18	
1004	5084	-35.24	
1006	5097	-34.73	
1008	5111	-34.35	
1010	5125	-34.22	
1012	5139	-35.11	
1014	5153	-34.78	
1016	5167	-33.59	
1018	5181	-34.74	
1020	5195	-34.16	
1022	5210	-34.51	
1024	5224	-34.99	
1026	5238	-34.56	
1028	5251	-34.60	
1032	5280	-35.04	
1034	5294	-35.18	
1036	5309	-34.88	
1038	5323	-35.10	
1040	5338	-34.89	
1042	5352	-34.62	
1044	5366	-35.40	
1046	5380	-35.72	
1048	5394	-35.16	
1050	5407	-35.27	
1052	5422	-34.66	
1054	5437	-34.63	
1056	5451	-34.65	
1058	5466	-35.07	
1060	5480	-34.33	
1062	5496	-34.42	
1064	5511	-34.51	
1066	5526	-34.76	
1068	5541	-34.51	
1070	5556	-34.57	
1072	5571	-34.63	
1074	5584	-34.40	
1076	5600	-34.97	
1078	5614	-34.40	
1080	5630	-34.49	
1082	5645	-34.94	
1084	5660	-34.83	
1086	5675	-33.98	
1088	5692	-34.84	
1090	5708	-34.76	
1092	5724	-34.71	
1094	5739	-35.09	
1096	5756	-34.67	
1098	5772	-35.30	
1100	5787	-34.35	
1102	5803	-34.68	
1104	5819	-34.83	
1106	5833	-35.33	
1108	5849	-34.75	
1110	5864	-33.92	
1112	5879	-34.96	
1114	5894	-34.30	
1116	5909	-34.94	
1118	5924	-34.90	
1120	5939	-34.51	
1122	5954	-34.39	
1124	5970	-34.69	
1126	5983	-34.79	
1128	5999	-34.44	
1130	6014	-34.55	
1132	6030	-34.97	
1134	6044	-34.92	
1136	6060	-35.03	
1138	6076	-34.34	
1140	6092	-35.44	
1142	6108	-35.32	
1144	6125	-34.75	
1146	6141	-34.33	
1148	6155	-34.69	
1150	6169	-34.21	
1152	6185	-35.18	
1154	6201	-34.33	
1156	6217	-35.04	
1158	6233	-34.98	
1160	6250	-35.10	
1162	6266	-35.02	
1164	6282	-35.13	
1166	6297	-35.48	
1168	6313	-34.20	
1170	6329	-34.57	
1172	6344	-34.72	
1174	6360	-34.56	
1176	6375	-35.05	
1178	6390	-34.48	
1180	6407	-34.54	
1182	6422	-35.04	
1184	6438	-35.13	
1186	6454	-34.70	
1188	6470	-34.71	
1190	6486	-34.77	
1192	6502	-34.53	
1194	6517	-35.11	
1196	6534	-34.79	
1198	6549	-35.01	
1200	6564	-35.44	
1202	6580	-34.58	
1204	6596	-34.59	
1206	6611	-34.98	
1208	6627	-35.19	
1210	6644	-34.49	
1212	6659	-34.22	
1214	6675	-35.09	
1216	6692	-34.91	
1218	6707	-34.66	
1220	6724	-34.83	
1222	6740	-35.08	
1224	6757	-33.94	
1226	6774	-34.25	
1228	6791	-34.24	
1230	6809	-34.29	
1232	6825	-33.79	
1234	6842	-33.65	
1236	6858	-34.90	
1238	6874	-34.67	
1240	6890	-33.97	
1242	6906	-34.07	
1244	6923	-34.31	
1246	6939	-35.20	
1248	6956	-34.20	
1250	6974	-34.65	
1252	6991	-35.02	
1254	7008	-34.16	
1256	7025	-34.83	
1258	7042	-35.21	
1260	7060	-35.15	
1262	7077	-35.14	
1264	7094	-35.10	
1266	7111	-34.73	
1268	7128	-34.66	
1270	7145	-35.42	
1272	7162	-34.29	
1274	7177	-35.03	
1276	7195	-34.73	
1278	7213	-35.13	
1280	7230	-35.02	
1282	7247	-34.98	
1284	7266	-34.95	
1286	7283	-34.37	
1288	7299	-35.03	
1290	7316	-34.28	
1292	7334	-34.29	
1294	7351	-34.42	
1296	7368	-34.99	
1298	7384	-34.73	
1300	7401	-33.94	
1302	7419	-34.58	
1304	7435	-34.42	
1306	7452	-34.61	
1308	7469	-34.61	
1310	7487	-35.00	
1312	7504	-35.64	
1314	7522	-34.46	
1316	7540	-34.89	
1318	7557	-34.59	
1320	7573	-34.39	
1322	7590	-34.83	
1324	7607	-33.71	
1326	7625	-35.14	
1328	7643	-34.40	
1330	7660	-34.64	
1332	7678	-34.24	
1334	7695	-33.84	
1336	7712	-34.57	
1338	7731	-34.01	
1340	7748	-34.45	
1342	7765	-34.53	
1344	7782	-34.37	
1346	7799	-34.35	
1348	7816	-33.41	
1350	7833	-34.71	
1352	7851	-34.12	
1354	7869	-34.41	
1356	7886	-34.70	
1358	7904	-34.40	
1360	7922	-34.81	
1362	7940	-34.78	
1364	7959	-34.16	
1366	7977	-34.30	
1368	7993	-34.57	
1370	8012	-34.22	
1372	8030	-35.19	
1374	8049	-35.18	
1376	8066	-34.76	
1378	8085	-35.15	
1380	8100	-34.64	
1382	8119	-35.29	
1384	8136	-34.92	
1386	8157	-35.35	
1388	8176	-36.19	
1390	8197	-36.01	
1392	8215	-36.44	
1394	8235	-35.73	
1396	8256	-35.27	
1398	8277	-34.77	
1400	8296	-34.54	
1402	8313	-34.73	
1404	8331	-34.45	
1406	8350	-34.83	
1408	8370	-34.84	
1410	8389	-34.98	
1412	8407	-34.92	
1414	8428	-34.34	
1416	8445	-34.85	
1418	8465	-34.60	
1420	8485	-34.71	
1422	8505	-34.81	
1424	8524	-34.96	
1426	8543	-34.86	
1428	8562	-34.32	
1430	8579	-34.49	
1432	8598	-34.54	
1434	8617	-34.54	
1436	8636	-34.71	
1438	8655	-34.85	
1440	8673	-34.40	
1442	8693	-34.73	
1444	8713	-34.76	
1446	8732	-34.06	
1448	8750	-34.52	
1450	8768	-34.68	
1452	8788	-34.31	
1454	8808	-34.36	
1456	8829	-34.88	
1458	8850	-34.79	
1460	8869	-34.23	
1462	8889	-33.99	
1464	8908	-33.82	
1466	8926	-34.58	
1468	8947	-34.66	
1470	8967	-34.57	
1472	8987	-35.09	
1474	9007	-34.57	
1476	9028	-34.46	
1478	9048	-34.39	
1480	9067	-34.77	
1482	9086	-33.90	
1484	9105	-34.46	
1486	9124	-34.90	
1488	9144	-34.90	
1490	9165	-34.48	
1492	9183	-34.65	
1494	9205	-35.33	
1496	9227	-35.03	
1498	9248	-34.60	
1500	9269	-35.07	
1502	9290	-33.94	
1504	9313	-34.19	
1506	9332	-34.40	
1508	9354	-34.01	
1510	9374	-34.89	
1512	9396	-34.39	
1514	9418	-34.92	
1516	9439	-35.45	
1518	9459	-35.13	
1520	9481	-35.28	
1522	9504	-34.85	
1524	9528	-34.41	
1526	9551	-34.55	
1528	9574	-34.64	
1530	9596	-34.78	
1532	9620	-33.90	
1534	9643	-35.34	
1536	9665	-34.28	
1538	9690	-34.21	
1540	9713	-34.48	
1542	9736	-35.29	
1544	9760	-34.14	
1546	9783	-34.57	
1548	9807	-35.31	
1550	9829	-35.07	
1552	9852	-35.04	
1554	9874	-34.86	
1556	9899	-34.17	
1558	9920	-35.17	
1560	9945	-34.90	
1562	9969	-34.62	
1564	9990	-35.17	
1566	10014	-34.59	
1568	10038	-35.45	
1570	10062	-35.61	
1572	10085	-35.57	
1574	10109	-34.65	
1576	10135	-35.05	
1578	10161	-35.40	
1580	10188	-35.46	
1582	10214	-35.31	
1584	10238	-35.33	
1586	10262	-35.14	
1588	10286	-35.87	
1590	10312	-36.26	
1592	10340	-35.83	
1594	10364	-35.83	
1596	10390	-35.87	
1598	10415	-35.35	
1600	10443	-35.38	
1602	10471	-36.00	
1604	10499	-35.70	
1606	10527	-35.51	
1608	10555	-36.05	
1610	10582	-35.65	
1612	10610	-35.49	
1614	10640	-36.52	
1616	10668	-35.61	
1618	10696	-36.59	
1620	10724	-35.50	
1622	10754	-35.99	
1624	10781	-35.99	
1626	10809	-36.13	
1628	10839	-36.24	
1630	10868	-36.92	
1632	10899	-36.82	
1634	10927	-36.52	
1636	10957	-36.04	
1638	10987	-36.53	
1640	11019	-36.40	
1642	11049	-36.67	
1644	11082	-36.56	
1646	11111	-36.81	
1648	11142	-36.76	
1650	11175	-35.82	
1652	11205	-36.42	
1654	11236	-37.11	
1656	11269	-36.52	
1658	11301	-37.09	
1660	11333	-38.25	
1662	11370	-38.06	
1664	11408	-37.05	
1666	11441	-37.39	
1668	11474	-36.77	
1670	11504	-36.57	
1672	11538	-36.46	
1674	11573	-36.54	
1676	11609	-38.72	
1678	11652	-40.29	
1680	11717	-40.01	
1682	11785	-40.48	
1684	11851	-40.45	
1686	11921	-40.70	
1688	11991	-39.57	
1690	12066	-40.14	
1692	12136	-40.71	
1694	12208	-40.30	
1696	12284	-40.36	
1698	12363	-40.14	
1700	12437	-41.30	
1702	12512	-40.84	
1704	12590	-41.66	
1706	12667	-40.85	
1708	12741	-40.58	
1710	12816	-40.45	
1712	12882	-38.76	
1714	12935	-38.24	
1716	12976	-38.44	
1718	13017	-38.63	
1720	13064	-39.27	
1722	13107	-40.98	
1724	13167	-39.69	
1726	13224	-39.15	
1728	13278	-38.46	
1730	13328	-38.46	
1732	13378	-37.20	
1734	13422	-38.00	
1736	13466	-37.81	
1738	13509	-37.19	
1740	13550	-37.61	
1742	13587	-38.18	
1744	13634	-38.36	
1746	13682	-38.07	
1748	13724	-37.80	
1750	13764	-37.91	
1752	13803	-37.53	
1754	13844	-38.13	
1756	13886	-38.19	
1758	13931	-37.67	
1760	13972	-38.35	
1762	14013	-39.15	
1764	14072	-38.54	
1766	14114	-37.56	
1768	14149	-37.98	
1770	14187	-37.38	
1772	14223	-36.87	
1774	14261	-36.67	
1776	14296	-36.04	
1778	14331	-36.11	
1780	14363	-36.65	
1782	14398	-36.18	
1784	14432	-35.56	
1786	14462	-35.30	
1788	14494	-35.23	
1790	14527	-35.40	
1792	14558	-36.00	
1794	14591	-36.66	
1796	14631	-37.63	
1798	14673	-39.93	
1800	14750	-38.97	
1802	14822	-39.97	
1804	14894	-40.18	
1806	14963	-39.71	
1808	15036	-38.82	
1810	15104	-38.68	
1812	15176	-39.29	
1814	15254	-39.43	
1816	15337	-39.39	
1818	15422	-39.33	
1820	15497	-39.55	
1822	15580	-40.60	
1824	15662	-40.50	
1826	15746	-40.63	
1828	15829	-41.13	
1830	15908	-41.24	
1832	15995	-40.00	
1834	16077	-40.20	
1836	16161	-40.16	
1838	16236	-40.34	
1840	16310	-40.13	
1842	16391	-40.12	
1844	16472	-41.25	
1846	16553	-40.63	
1848	16624	-40.68	
1850	16702	-40.38	
1852	16775	-39.57	
1854	16847	-40.01	
1856	16922	-40.81	
1858	17004	-40.92	
1860	17089	-40.76	
1862	17173	-40.19	
1864	17246	-39.97	
1866	17336	-39.91	
1868	17420	-40.53	
1870	17510	-39.86	
1872	17600	-40.22	
1874	17692	-40.36	
1876	17783	-40.34	
1878	17882	-39.34	
1880	17981	-39.30	
1882	18078	-40.46	
1884	18178	-39.39	
1886	18279	-39.94	
1888	18370	-39.72	
1890	18476	-39.39	
1892	18572	-39.81	
1894	18677	-39.28	
1896	18781	-39.33	
1898	18889	-39.26	
1900	18995	-39.33	
1902	19088	-39.02	
1904	19172	-38.71	
1906	19255	-39.29	
1908	19344	-39.92	
1910	19428	-39.62	
1912	19522	-39.01	
1914	19620	-40.15	
1916	19723	-39.15	
1918	19820	-40.11	
1920	19916	-39.51	
1922	20013	-39.53	
1924	20106	-39.98	
1926	20195	-40.45	
1928	20293	-40.56	
1930	20387	-39.15	
1932	20488	-39.49	
1934	20583	-38.94	
1936	20683	-40.05	
1938	20792	-39.71	
1940	20888	-40.81	
1942	20998	-40.56	
1944	21099	-40.53	
1946	21201	-41.24	
1948	21307	-41.38	
1950	21411	-40.96	
1952	21518	-40.87	
1954	21633	-41.25	
1956	21755	-40.71	
1958	21878	-40.76	
1960	21998	-40.96	
1962	22101	-40.53	
1964	22214	-39.80	
1966	22322	-40.94	
1968	22443	-40.26	
1970	22557	-40.72	
1972	22669	-40.74	
1974	22777	-40.69	
1976	22888	-39.16	
1978	22990	-40.36	
1980	23095	-40.62	
1982	23209	-40.48	
1984	23303	-38.31	
1986	23406	-40.08	
1988	23528	-41.58	
1990	23656	-41.91	
1992	23776	-41.93	
1994	23896	-42.02	
1996	24000	-42.74	
1998	24115	-41.90	
2000	24229	-41.71	
2002	24363	-40.90	
2004	24493	-40.80	
2006	24615	-42.01	
2008	24742	-42.10	
2010	24872	-41.18	
2012	24999	-40.05	
2014	25126	-41.06	
2016	25256	-40.86	
2018	25388	-41.01	
2020	25525	-42.18	
2022	25662	-41.77	
2024	25793	-40.61	
2026	25935	-41.57	
2028	26072	-40.36	
2030	26204	-40.53	
2032	26336	-40.87	
2034	26475	-40.57	
2036	26609	-41.01	
2038	26730	-40.85	
2040	26854	-39.81	
2042	26980	-41.01	
2044	27107	-40.57	
2046	27239	-40.52	
2048	27381	-40.91	
2050	27521	-38.77	
2052	27633	-37.81	
2054	27736	-36.99	
2056	27844	-39.57	
2058	27987	-41.07	
2060	28143	-41.31	
2062	28287	-41.64	
2064	28417	-40.41	
2066	28540	-41.48	
2068	28649	-39.97	
2070	28751	-38.46	
2072	28843	-38.08	
2074	28941	-37.88	
2076	29033	-40.22	
2078	29149	-41.95	
2080	29277	-41.28	
2082	29399	-41.68	
2084	29548	-42.23	
2086	29706	-42.29	
2088	29840	-42.35	
2090	29967	-42.41	
2092	30102	-42.59	
2094	30233	-41.42	
2096	30363	-41.72	
2098	30498	-41.22	
2100	30619	-41.14	
2102	30745	-42.20	
2104	30876	-42.24	
2106	31008	-41.61	
2108	31140	-42.14	
2110	31267	-41.47	
2112	31395	-41.75	
2114	31521	-41.79	
2116	31643	-40.51	
2118	31768	-39.69	
2120	31888	-39.26	
2122	32003	-38.35	
2124	32123	-37.66	
2126	32245	-38.93	
2128	32372	-41.61	
2130	32506	-42.24	
2132	32638	-42.23	
2134	32777	-42.55	
2136	32913	-43.05	
2138	33044	-40.02	
2140	33182	-39.11	
2142	33319	-38.80	
2144	33455	-38.22	
2146	33587	-39.80	
2148	33721	-41.23	
2150	33856	-41.21	
2152	33988	-40.86	
2154	34120	-42.05	
2156	34246	-41.84	
2158	34377	-41.59	
2160	34496	-40.43	
2162	34591	-39.50	
2164	34695	-40.01	
2166	34792	-39.82	
2168	34884	-38.88	
2170	34972	-38.18	
2172	35062	-38.63	
2174	35147	-38.10	
2176	35232	-38.63	
2178	35324	-41.76	
2180	35447	-41.73	
2182	35571	-41.64	
2184	35706	-42.96	
2186	35827	-41.98	
2188	35943	-42.09	
2190	36061	-41.29	
2192	36171	-40.96	
2194	36274	-39.60	
2196	36376	-39.11	
2198	36481	-40.46
2200	36591	-40.37
2202	36709	-39.43
2204	36822	-38.22
2206	36927	-38.41
2208	37035	-38.70
2210	37143	-38.07
2212	37247	-38.06
2214	37359	-38.29
2216	37469	-37.91
2218	37574	-37.51
2220	37684	-37.55
2222	37804	-37.41
2224	37930	-37.73
2226	38062	-37.39
2228	38201	-37.15
2230	38320	-37.31
2232	38432	-40.58
2234	38565	-41.39
2236	38711	-41.34
2238	38871	-41.37
2240	39026	-41.39
2242	39183	-41.22
2244	39347	-40.79
2246	39513	-41.65
2248	39678	-41.67
2250	39852	-41.33
2252	40006	-40.24
2254	40134	-38.84
2256	40250	-40.47
2258	40371	-40.79
2260	40468	-40.99
2262	40562	-41.72
2264	40649	-40.61
2266	40737	-39.50
2268	40823	-38.62
2270	40916	-39.22
2272	41009	-38.67
2274	41091	-37.87
2276	41172	-40.32
2278	41274	-41.04
2280	41381	-41.45
2282	41497	-41.63
2284	41596	-40.58
2286	41695	-39.77
2288	41802	-39.69
2290	41908	-39.39
2292	42014	-38.61
2294	42115	-38.22
2296	42208	-38.58
2298	42309	-38.55
2300	42393	-38.19
2302	42486	-38.10
2304	42581	-41.55
2306	42713	-41.81
2308	42839	-41.70
2310	42967	-41.59
2312	43085	-41.22
2314	43203	-39.63
2316	43305	-39.16
2318	43413	-40.24
2320	43532	-39.93
2322	43649	-39.94
2324	43770	-39.64
2326	43887	-39.10
2328	44003	-39.55
2330	44111	-38.88
2332	44210	-38.80
2334	44299	-38.16
2336	44393	-38.05
2338	44492	-38.27
2340	44583	-38.13
2342	44676	-38.40
2344	44761	-37.69
2346	44850	-37.52
2348	44941	-37.27
2350	45028	-37.27
2352	45107	-36.81
2354	45197	-36.91
2356	45283	-36.79
2358	45360	-38.85
2360	45462	-40.93
2362	45585	-41.00
2364	45721	-40.35
2366	45859	-40.87
2368	46024	-40.55
2370	46194	-41.19
2372	46363	-40.68
2374	46531	-39.55
2376	46664	-39.62
2378	46788	-38.97
2380	46911	-38.44
2382	47026	-39.32
2384	47146	-38.83
2386	47245	-40.76
2388	47391	-39.50
2390	47529	-39.40
2392	47649	-39.77
2394	47767	-39.44
2396	47892	-39.74
2398	48021	-39.38
2400	48151	-39.20
2402	48279	-39.05
2404	48400	-39.46
2406	48532	-39.43
2408	48671	-39.25
2410	48795	-38.83
2412	48926	-38.91
2414	49057	-39.27
2416	49190	-38.39
2418	49320	-38.86
2420	49432	-38.27
2422	49541	-38.30
2424	49652	-38.05
2426	49768	-38.11
2428	49884	-38.00
2430	50002	-38.07
2432	50308	-37.93
2434	50470	-37.27
2436	50633	-37.60
2438	50795	-37.77
2440	50958	-37.76
2442	51120	-37.14
2444	51283	-37.10
2446	51445	-37.37
2448	51608	-36.79
2450	51770	-37.41
2452	51933	-37.22
2454	52135	-39.25
2456	52336	-40.33
2458	52538	-40.29
2460	52740	-38.10
2462	52942	-40.48
2464	53219	-38.29
2466	53497	-37.80
2468	53775	-39.33
2470	54053	-40.28
2472	54331	-40.18
2474	54584	-39.12
2476	54837	-38.63
2478	55091	-39.16
2480	55344	-38.85
2482	55597	-38.60
2484	55811	-38.53
2486	56024	-38.09
2488	56238	-37.39
2490	56451	-37.72
2492	56665	-38.74
2494	56884	-39.74
2496	57102	-39.21
2498	57321	-38.00
2500	57539	-37.27
2502	57758	-38.45
2504	57999	-38.70
2506	58240	-39.23
2508	58480	-41.22
2510	58721	-41.06
2512	58962	-40.47
2514	59219	-41.16
2516	59476	-40.92
2518	59733	-41.01
2520	59990	-41.26
2522	60247	-41.24
2524	60524	-42.06
2526	60802	-41.68
2528	61079	-41.45
2530	61357	-41.01
2532	61634	-39.86
2534	61870	-38.43
2536	62106	-41.58
2538	62341	-41.02
2540	62577	-41.37
2542	62813	-41.67
2544	63066	-41.84
2546	63320	-40.92
2548	63573	-41.41
2550	63827	-41.12
2552	64080	-41.87
2554	64411	-42.30
2556	64742	-42.08
2558	65074	-41.67
2560	65405	-40.94
2562	65736	-39.97
2564	66022	-42.46
2566	66308	-41.33
2568	66595	-40.27
2570	66881	-38.54
2572	67167	-38.22
2574	67421	-37.88
2576	67675	-37.69
2578	67929	-37.33
2580	68183	-36.86
2582	68437	-36.47
2584	68747	-41.77
2586	69057	-42.58
2588	69368	-43.26
2590	69678	-42.38
2592	69988	-39.48
2594	70304	-39.26
2596	70620	-38.57
2598	70937	-38.43
2600	71253	-38.19
2602	71569	-38.00
2604	71872	-37.67
2606	72175	-37.61
2608	72478	-36.83
2610	72751	-36.64
2612	73023	-40.80
2614	73296	-41.91
2616	73623	-42.05
2618	73951	-39.86
2620	74278	-38.89
2622	74598	-39.57
2624	74919	-38.97
2626	75239	-38.22
2628	75564	-38.22
2630	75889	-38.91
2632	76214	-38.72
2634	76521	-38.48
2636	76828	-38.58
2638	77135	-37.95
2640	77438	-38.04
2642	77742	-37.99
2644	78045	-37.65
2646	78373	-37.51
2648	78701	-37.33
2650	79028	-37.15
2652	79356	-37.29
2654	79727	-37.27
2656	80097	-37.13
2658	80468	-37.05
2660	80846	-36.81
2662	81225	-36.95
2664	81603	-36.62
2666	81991	-36.69
2668	82379	-36.72
2670	82767	-36.95
2672	83162	-36.39
2674	83556	-35.80
2676	83951	-38.46
2678	84368	-38.24
2680	84785	-39.15
2682	85202	-39.31
2684	85637	-39.69
2686	86073	-40.09
2688	86508	-40.57
2690	86961	-40.11
2692	87415	-38.72
2694	87868	-38.40
2696	88327	-38.34
2698	88785	-38.24
2700	89244	-37.76
2702	89700	-37.97
2704	90156	-39.04
2706	90618	-39.15
2708	91087	-39.43
2710	91556	-39.53
2712	92025	-39.58
2714	92520	-39.49
2716	93015	-39.64
2718	93510	-39.17
2720	94021	-39.19
2722	94533	-39.00
2724	95044	-38.82
2726	95553	-38.81
2728	96062	-38.87
2730	96571	-38.39
2732	97080	-38.02
2734	97577	-37.71
2736	98073	-37.60
2738	98546	-37.23
2740	99019	-37.15
2742	99451	-36.71
2744	99883	-36.57
2746	100263	-36.58
2748	100643	-38.45
2750	101030	-39.07
2752	101417	-38.80
2754	101800	-38.40
2756	102182	-38.27
2758	102565	-39.05
2760	102947	-38.34
2762	103334	-38.69
2764	103721	-38.13
2766	104108	-37.81
2768	104495	-36.90
2770	104858	-37.34
2772	105221	-36.41
2774	105584	-37.78
2776	105947	-38.23
2778	106310	-38.42
2780	106674	-38.23
2782	107037	-38.78
2784	107400	-38.89
2786	107764	-38.63
2788	108129	-38.44
2790	108493	-37.49
2792	108857	-37.57
2794	109028	-37.91
2796	109199	-37.92
2798	109369	-38.13
2800	109540	-37.46
2802	109899	-38.84
2804	110259	-36.92
2806	110618	-40.46
2808	110977	-40.35
