%DISTANCES (mm from top)	%sample	%d13C?	%original d18O?
0.05	1.00	1.35	-4.62
0.30	1.00	2.38	-4.38
0.62	1.00	3.36	-4.38
0.83	1.00	3.62	-4.32
1.09	1.00	3.21	-4.30
1.62	1.00	3.09	-4.42
1.82	1.00	2.93	-4.38
2.01	1.00	2.90	-4.34
2.21	1.00	2.98	-4.30
2.35	1.00	2.75	-4.35
2.64	1.00	3.36	-4.34
2.81	1.00	3.58	-4.29
3.16	1.00	3.25	-4.31
3.37	1.00	3.10	-4.36
3.62	1.00	3.06	-4.51
3.89	1.00	3.37	-4.47
4.13	1.00	4.20	-4.21
4.43	1.00	4.23	-4.29
4.52	1.00	3.65	-4.32
4.64	1.00	3.63	-4.18
4.85	1.00	NaN	NaN
4.94	1.00	3.12	-4.61
5.08	1.00	3.17	-4.57
5.39	1.00	3.19	-4.68
5.66	1.00	3.11	-4.73
5.83	1.00	3.15	-4.56
5.94	1.00	3.11	-4.61
6.16	1.00	NaN	NaN
6.23	1.00	3.25	-4.74
6.32	1.00	3.28	-4.76
6.42	1.00	3.39	-4.65
6.51	1.00	3.16	-4.62
6.54	1.00	3.26	-4.76
6.62	1.00	3.21	-4.70
6.75	1.00	3.28	-4.74
6.84	1.00	3.17	-4.66
6.95	1.00	3.30	-4.69
7.17	1.00	3.30	-4.61
7.29	1.00	3.30	-4.48
7.51	1.00	3.13	-4.94
7.65	1.00	3.07	-4.87
7.77	1.00	3.15	-4.93
7.99	1.00	3.36	-4.87
8.22	1.00	3.30	-4.69
8.44	1.00	3.20	-4.84
8.65	1.00	3.17	-4.65
8.84	1.00	3.23	-4.56
9.01	1.00	3.23	-4.81
9.28	1.00	3.38	-4.75
9.54	1.00	3.74	-4.57
9.67	1.00	3.63	-4.74
9.88	1.00	3.42	-4.67
10.04	1.00	3.53	-4.64
10.32	1.00	3.66	-4.71
10.56	1.00	3.60	-4.73
10.88	1.00	3.68	-4.67
10.96	1.00	3.99	-4.57
11.21	1.00	4.58	-4.44
11.39	1.00	4.83	-4.54
11.53	1.00	4.71	-4.32
11.67	1.00	3.92	-4.54
11.80	1.00	3.93	-4.52
12.25	1.00	3.57	-4.67
12.40	1.00	4.63	-4.53
12.69	1.00	5.26	-4.72
12.81	1.00	5.88	-4.49
12.96	1.00	6.42	-4.40
13.14	1.00	6.72	-4.33
13.30	1.00	6.62	-4.23
13.40	1.00	6.64	-4.25
13.58	1.00	6.59	-4.38
13.86	1.00	6.49	-4.32
14.43	1.00	6.34	-4.34
14.52	1.00	5.29	-4.00
14.64	1.00	5.48	-4.26
14.73	1.00	5.23	-4.24
14.79	1.00	4.27	-4.35
14.93	1.00	4.34	-4.43
15.01	1.00	4.01	-4.65
15.10	1.00	4.06	-4.41
15.15	1.00	3.84	-4.61
15.50	1.00	3.77	-4.86
15.58	1.00	3.93	-4.89
15.96	1.00	4.16	-4.57
16.11	1.00	3.95	-4.45
16.46	1.00	4.12	-4.42
16.48	1.00	4.17	-4.52
16.52	1.00	4.00	-4.44
16.82	1.00	3.66	-4.74
17.02	1.00	3.46	-4.87
17.22	1.00	3.61	-4.97
17.33	1.00	3.83	-5.11
17.54	1.00	3.88	-5.06
17.60	1.00	3.86	-4.99
17.90	1.00	3.98	-4.96
18.12	1.00	4.00	-4.93
18.23	1.00	4.02	-4.93
18.42	1.00	3.98	-4.92
18.48	1.00	3.91	-4.94
18.81	1.00	3.82	-5.00
18.97	1.00	4.07	-5.10
19.21	1.00	4.02	-5.17
19.28	1.00	4.04	-5.28
19.32	1.00	3.96	-5.23
19.60	1.00	4.00	-5.14
19.61	1.00	3.91	-5.04
19.84	1.00	3.80	-4.86
19.87	1.00	3.70	-5.01
20.25	1.00	3.71	-4.93
20.29	1.00	3.80	-4.93
20.62	1.00	3.74	-4.75
20.73	1.00	3.79	-4.82
21.01	1.00	3.92	-4.87
21.29	1.00	3.94	-4.80
21.42	1.00	3.88	-4.85
21.57	1.00	3.90	-4.86
21.61	1.00	3.86	-4.88
22.09	1.00	3.84	-4.97
22.21	1.00	3.92	-4.75
22.40	1.00	3.76	-4.77
22.54	1.00	3.82	-4.74
22.58	1.00	3.95	-4.72
22.71	1.00	3.88	-4.91
23.04	1.00	3.88	-5.04
23.11	1.00	3.81	-5.07
23.35	1.00	3.83	-5.00
23.46	1.00	3.88	-5.01
23.50	1.00	3.92	-4.98
23.72	1.00	3.93	-4.97
23.82	1.00	4.07	-4.74
24.08	1.00	4.07	-4.86
24.37	1.00	3.85	-4.84
24.46	1.00	3.86	-4.77
24.82	1.00	3.78	-4.95
25.30	1.00	3.90	-4.87
25.43	1.00	3.91	-4.96
25.66	1.00	3.90	-5.08
25.72	1.00	3.88	-5.04
25.92	1.00	3.89	-5.10
26.00	1.00	4.06	-5.03
26.37	1.00	4.07	-5.13
26.42	1.00	4.09	-5.05
26.65	1.00	4.15	-5.03
26.67	1.00	4.01	-5.05
26.91	1.00	3.93	-5.21
27.04	1.00	4.01	-5.15
27.35	1.00	3.99	-4.92
27.44	1.00	4.12	-5.14
27.66	1.00	4.07	-5.07
27.70	1.00	4.00	-4.86
27.97	1.00	4.06	-4.90
28.05	1.00	4.01	-4.92
28.51	1.00	4.00	-4.69
28.72	1.00	4.02	-4.69
28.90	1.00	4.10	-4.87
29.19	1.00	4.01	-4.92
29.28	1.00	3.98	-4.90
29.52	1.00	4.28	-4.92
29.73	1.00	4.02	-4.87
29.85	1.00	3.90	-4.78
30.11	1.00	3.91	-4.67
30.32	1.00	3.90	-4.82
30.47	1.00	3.75	-4.74
30.59	1.00	3.95	-4.73
30.86	1.00	3.95	-4.80
31.05	1.00	3.98	-4.68
31.25	1.00	3.74	-4.80
31.43	1.00	3.76	-4.66
31.58	1.00	3.48	-4.79
31.86	1.00	3.50	-4.57
32.14	1.00	3.29	-4.70
32.31	1.00	3.50	-4.45
32.49	1.00	3.31	-4.56
32.59	1.00	3.45	-4.51
32.95	1.00	3.11	-4.63
33.37	1.00	2.84	-4.55
33.66	1.00	2.99	-4.57
33.79	1.00	3.00	-4.60
33.87	1.00	3.17	-4.70
33.95	1.00	3.30	-4.71
34.13	1.00	3.30	-4.88
34.32	1.00	3.29	-4.69
34.38	1.00	3.21	-4.65
34.63	1.00	3.27	-4.50
34.72	1.00	3.03	-4.62
35.02	1.00	3.03	-4.54
35.16	1.00	3.42	-4.57
35.55	1.00	3.20	-4.68
35.67	1.00	3.14	-4.63
35.97	1.00	2.90	-4.66
36.07	1.00	2.93	-4.74
36.33	1.00	2.92	-4.78
36.51	1.00	2.80	-4.85
36.60	1.00	2.83	-4.76
36.72	1.00	2.91	-4.70
36.91	1.00	2.80	-4.55
37.22	1.00	2.75	-4.48
37.43	1.00	2.85	-4.38
37.57	1.00	2.86	-4.50
37.90	1.00	2.96	-4.59
38.10	1.00	2.97	-4.59
38.29	1.00	2.97	-4.56
38.47	1.00	2.92	-4.64
38.82	1.00	2.84	-4.68
38.87	1.00	2.68	-4.68
38.99	1.00	2.92	-4.76
39.30	1.00	3.43	-4.63
39.50	1.00	3.58	-4.34
39.78	1.00	3.30	-4.30
39.99	1.00	3.23	-4.33
40.21	1.00	3.06	-4.31
40.51	1.00	3.05	-4.23
40.88	1.00	3.26	-3.83
41.30	1.00	3.58	-3.85
41.55	1.00	2.78	-4.45
41.58	1.00	2.96	-4.60
41.70	1.00	3.00	-4.62
41.85	1.00	3.02	-4.46
42.18	1.00	NaN	NaN
42.30	1.00	2.73	-4.60
42.45	1.00	2.70	-4.67
42.50	1.00	2.81	-4.65
42.83	1.00	2.90	-4.64
42.99	1.00	2.90	-4.63
43.34	1.00	3.00	-4.83
43.48	1.00	2.93	-4.76
43.66	1.00	2.85	-4.76
43.80	1.00	2.73	-4.62
44.07	1.00	2.78	-4.78
44.61	1.00	2.83	-4.45
44.78	1.00	2.65	-4.43
44.92	1.00	2.65	-4.46
45.06	1.00	2.41	-4.36
45.38	1.00	2.77	-4.54
45.44	1.00	2.81	-4.60
45.79	1.00	2.88	-4.51
45.85	1.00	2.76	-4.69
46.20	1.00	2.85	-4.62
46.40	1.00	2.80	-4.62
46.42	1.00	2.85	-4.63
46.63	1.00	2.80	-4.75
46.76	1.00	2.80	-4.76
46.99	1.00	2.83	-4.80
47.10	1.00	2.79	-4.63
47.33	1.00	2.79	-4.76
47.47	1.00	2.95	-4.58
47.70	1.00	2.72	-4.64
47.77	1.00	2.67	-4.80
48.03	1.00	2.59	-4.56
48.12	1.00	2.56	-4.64
48.42	1.00	3.00	-4.64
48.55	1.00	2.99	-4.75
49.08	1.00	2.99	-4.78
49.13	1.00	3.06	-4.91
49.43	1.00	2.92	-4.78
49.53	1.00	2.56	-4.73
49.61	1.00	2.64	-4.80
49.88	1.00	2.41	-4.73
49.92	1.00	2.30	-4.79
50.00	1.00	2.54	-4.75
50.27	1.00	2.33	-4.71
50.58	1.00	2.64	-4.52
50.75	1.00	2.35	-4.71
50.82	1.00	2.18	-4.61
51.03	1.00	1.97	-4.85
51.11	1.00	2.53	-4.89
51.29	1.00	2.07	-4.91
51.43	1.00	2.78	-4.93
51.57	1.00	2.54	-4.76
51.81	1.00	2.66	-4.96
52.15	1.00	2.56	-4.80
52.51	1.00	2.25	-4.96
52.64	1.00	2.19	-4.66
52.93	1.00	2.71	-4.89
53.29	1.00	2.17	-4.63
53.55	1.00	2.31	-4.51
53.62	1.00	2.22	-4.57
53.77	1.00	2.30	-4.63
53.97	1.00	2.29	-4.74
54.15	1.00	2.21	-4.63
54.40	1.00	2.14	-4.74
54.69	1.00	2.23	-4.66
55.00	1.00	2.34	-4.81
55.22	1.00	2.32	-4.76
55.28	1.00	2.25	-4.78
55.31	1.00	2.14	-4.75
55.68	1.00	2.30	-4.63
55.76	1.00	2.18	-4.57
55.93	1.00	2.07	-4.62
56.33	1.00	2.10	-4.60
56.77	1.00	1.81	-4.56
56.81	1.00	1.70	-4.57
57.05	1.00	1.96	-4.73
57.23	1.00	1.79	-4.46
57.34	1.00	1.97	-4.54
57.57	1.00	NaN	NaN
57.76	1.00	1.96	-4.55
58.01	1.00	1.57	-4.47
58.19	1.00	1.59	-4.51
58.40	1.00	1.51	-4.63
58.67	1.00	1.43	-4.62
58.81	1.00	NaN	NaN
59.05	1.00	1.46	-4.52
59.11	1.00	1.69	-4.38
59.37	1.00	1.71	-4.61
59.51	1.00	1.56	-4.52
59.80	1.00	1.91	-4.64
60.04	1.00	1.77	-4.55
60.24	1.00	1.56	-4.52
60.38	1.00	1.41	-4.63
60.59	1.00	1.36	-4.50
60.81	1.00	1.26	-4.63
60.87	1.00	1.47	-4.72
61.13	1.00	1.58	-4.89
61.40	1.00	1.68	-4.87
61.46	1.00	1.83	-4.64
61.54	1.00	1.68	-4.37
62.03	1.00	2.17	-4.63
62.23	1.00	1.92	-4.55
62.34	1.00	1.64	-4.63
62.62	1.00	1.38	-4.71
62.87	1.00	1.36	-4.59
63.09	1.00	1.34	-4.63
63.47	1.00	1.57	-4.54
63.56	1.00	1.63	-4.54
63.75	1.00	1.75	-4.48
63.88	1.00	1.56	-4.59
63.96	1.00	1.55	-4.70
64.10	1.00	1.73	-4.55
64.26	1.00	2.10	-4.74
64.43	1.00	1.30	-4.82
64.67	1.00	1.97	-4.68
65.00	1.00	1.76	-4.80
65.27	1.00	1.96	-4.77
65.41	1.00	1.78	-4.95
65.61	1.00	1.75	-4.79
65.75	1.00	1.18	-5.00
65.98	1.00	1.50	-4.92
66.06	1.00	1.33	-4.83
66.25	1.00	1.07	-5.02
66.37	1.00	1.50	-4.61
66.64	1.00	1.59	-4.64
66.80	1.00	1.60	-4.58
66.82	1.00	1.61	-4.62
67.01	1.00	1.79	-4.67
67.24	1.00	1.81	-4.51
67.50	1.00	1.56	-4.61
67.60	1.00	1.58	-4.44
67.74	1.00	2.14	-4.52
68.03	1.00	2.12	-4.42
68.20	1.00	2.21	-4.30
68.23	1.00	2.07	-4.37
68.47	1.00	1.99	-4.16
68.67	1.00	2.00	-3.91
68.90	1.00	2.12	-4.20
69.00	1.00	2.21	-4.06
69.24	1.00	2.32	-4.27
69.45	1.00	2.59	-4.18
69.74	1.00	2.63	-4.26
69.96	1.00	2.91	-4.28
70.14	1.00	2.59	-4.33
70.28	1.00	2.46	-4.32
70.52	1.00	2.82	-4.16
70.68	1.00	2.79	-4.33
70.85	1.00	2.83	-4.19
71.05	1.00	2.23	-4.43
71.43	1.00	2.43	-4.61
71.58	1.00	2.33	-4.61
71.74	1.00	2.29	-4.65
71.96	1.00	2.10	-4.59
72.20	1.00	2.03	-4.55
72.39	1.00	1.93	-4.61
72.52	1.00	1.99	-4.50
72.66	1.00	2.18	-4.56
73.04	1.00	2.28	-4.55
74.07	1.00	2.40	-4.01
74.15	1.00	1.97	-4.03
74.23	1.00	1.89	-4.16
74.49	1.00	1.42	-4.69
74.57	1.00	1.48	-4.86
74.78	1.00	1.89	-4.70
74.95	1.00	1.91	-4.61
75.16	1.00	1.96	-4.91
75.28	1.00	2.16	-4.88
75.51	1.00	2.51	-4.93
75.61	1.00	2.57	-4.85
75.80	1.00	2.50	-4.92
76.43	1.00	2.39	-4.83
76.59	1.00	2.32	-4.93
76.66	1.00	2.38	-4.99
76.89	1.00	2.25	-5.07
77.00	1.00	2.37	-4.97
77.22	1.00	2.61	-4.85
77.29	1.00	2.41	-4.91
77.77	1.00	2.31	-4.59
77.88	1.00	2.03	-4.69
78.12	1.00	2.21	-4.86
78.27	1.00	2.26	-4.93
78.50	1.00	2.32	-4.72
78.67	1.00	2.35	-4.88
78.89	1.00	2.33	-4.74
79.05	1.00	2.31	-4.83
79.11	1.00	2.26	-4.97
79.35	1.00	2.26	-4.77
79.53	1.00	2.18	-4.96
79.77	1.00	2.12	-4.77
79.92	1.00	2.06	-4.91
80.14	1.00	2.16	-4.67
80.31	1.00	2.10	-4.92
80.54	1.00	2.14	-4.91
80.71	1.00	2.16	-4.82
80.95	1.00	2.18	-4.63
81.07	1.00	2.15	-4.79
81.16	1.00	2.19	-4.60
81.36	1.00	2.17	-4.78
81.52	1.00	2.22	-4.74
81.78	1.00	2.13	-4.85
81.90	1.00	2.28	-4.59
82.00	1.00	2.20	-4.76
82.16	1.00	2.75	-4.79
82.32	1.00	2.63	-4.96
82.53	1.00	2.71	-4.74
82.74	1.00	2.33	-4.93
82.96	1.00	2.00	-4.81
83.10	1.00	1.58	-4.99
83.35	1.00	1.53	-4.83
83.50	1.00	1.74	-4.79
83.73	1.00	2.00	-4.76
83.90	1.00	1.89	-4.93
84.18	1.00	1.74	-4.89
84.28	1.00	1.58	-4.94
84.53	1.00	1.43	-4.94
84.66	1.00	1.55	-4.94
84.90	1.00	1.68	-4.84
85.22	1.00	1.52	-4.84
85.50	1.00	1.54	-4.80
85.71	1.00	NaN	NaN
85.97	1.00	1.93	-4.97
86.25	1.00	2.14	-4.95
86.51	1.00	2.12	-4.92
86.62	1.00	2.22	-5.14
86.64	1.00	2.30	-5.07
87.17	1.00	2.26	-5.11
87.33	1.00	2.39	-4.98
87.61	1.00	2.49	-4.82
87.77	1.00	2.39	-4.82
88.04	1.00	2.38	-4.77
88.36	1.00	2.80	-4.87
88.47	1.00	2.76	-4.70
88.70	1.00	2.45	-4.81
88.91	1.00	2.33	-4.70
89.07	1.00	2.43	-4.88
89.44	1.00	2.57	-4.89
89.69	1.00	2.63	-4.98
89.94	1.00	2.40	-4.87
90.17	1.00	2.31	-4.81
90.38	1.00	1.93	-4.61
90.67	1.00	1.70	-4.64
90.93	1.00	1.77	-4.67
91.05	1.00	1.75	-4.75
91.25	1.00	1.74	-4.76
91.60	1.00	1.79	-4.82
91.67	1.00	1.63	-4.80
91.84	1.00	1.81	-4.83
92.12	1.00	1.80	-4.93
92.49	1.00	1.74	-4.84
92.60	1.00	1.45	-4.68
92.83	1.00	1.28	-4.73
93.34	1.00	1.40	-4.85
93.75	1.00	2.22	-4.95
94.81	1.00	2.18	-5.01
95.57	1.00	1.76	-4.98
95.89	1.00	2.32	-4.91
96.77	1.00	2.21	-5.02
97.47	1.00	2.35	-4.98
98.79	1.00	2.40	-5.04
99.38	1.00	1.98	-4.86
100.00	1.00	1.86	-4.66
100.57	1.00	2.13	-4.59
101.30	1.00	2.10	-4.85
102.25	1.00	2.61	-4.83
103.03	1.00	3.00	-4.79
103.83	1.00	1.42	-4.90
104.45	1.00	1.96	-4.80
105.04	1.00	1.90	-4.92
106.63	1.00	2.29	-4.90
107.28	1.00	2.04	-4.69
108.46	1.00	1.90	-4.94
109.03	1.00	1.65	-4.82
110.18	1.00	2.03	-5.01
111.03	1.00	1.64	-4.80
112.25	1.00	2.01	-4.60
113.03	1.00	1.97	-4.47
114.55	1.00	2.37	-4.84
115.03	1.00	2.35	-4.85
116.25	1.00	2.21	-4.96
116.90	1.00	2.23	-4.89
118.13	1.00	2.40	-5.03
118.45	1.00	2.37	-4.79
119.83	1.00	2.06	-4.75
120.74	1.00	2.00	-4.76
121.96	1.00	2.53	-4.89
122.68	1.00	2.68	-4.79
123.97	1.00	2.24	-5.03
124.47	1.00	2.54	-5.04
125.62	1.00	2.58	-4.96
126.05	1.00	2.38	-4.95
127.78	1.00	3.09	-4.84
128.37	1.00	2.85	-4.96
129.82	1.00	2.30	-4.96
130.48	1.00	2.01	-4.86
131.74	1.00	2.24	-4.75
132.51	1.00	2.40	-4.79
133.79	1.00	2.68	-4.97
134.49	1.00	2.65	-5.19
135.86	1.00	2.02	-5.00
136.47	1.00	2.18	-5.20
137.80	1.00	2.27	-4.95
138.21	1.00	2.44	-4.78
139.78	1.00	1.47	-4.87
140.39	1.00	2.00	-4.77
141.93	1.00	1.90	-4.63
142.66	1.00	1.82	-4.86
143.90	1.00	1.69	-4.73
144.64	1.00	1.66	-4.68
145.82	1.00	2.01	-4.77
146.42	1.00	2.46	-4.81
148.02	1.00	2.53	-4.80
148.75	1.00	2.36	-4.94
149.73	1.00	2.52	-5.15
150.54	1.00	2.11	-4.90
151.65	1.00	1.92	-4.76
152.53	1.00	1.85	-4.89
153.65	1.00	1.66	-4.64
154.33	1.00	1.79	-4.83
156.03	1.00	1.56	-4.85
156.61	1.00	1.59	-4.85
158.06	1.00	0.99	-4.73
158.59	1.00	1.57	-5.03
159.15	1.00	1.36	-4.61
160.02	1.00	1.14	-4.89
160.75	1.00	1.11	-4.83
162.15	1.00	1.59	-4.90
162.87	1.00	1.56	-4.81
164.15	1.00	1.21	-4.72
164.71	1.00	1.14	-4.69
165.95	1.00	1.25	-4.76
166.22	1.00	1.19	-4.61
166.52	1.00	1.24	-4.83
166.92	1.00	NaN	-4.50
167.62	1.00	1.08	-4.78
169.13	1.00	1.50	-4.65
169.84	1.00	1.57	-4.89
170.91	1.00	1.76	-4.96
171.92	1.00	2.04	-4.91
172.41	1.00	2.01	-4.98
173.19	1.00	1.86	-4.98
173.72	1.00	1.86	-4.87
174.28	1.00	1.86	-4.85
175.10	1.00	1.74	-4.89
176.28	1.00	1.60	-4.93
176.70	1.00	1.34	-4.96
177.36	1.00	1.66	-5.02
178.09	1.00	1.56	-5.00
178.66	1.00	1.73	-5.14
178.83	1.00	1.60	-4.94
179.15	1.00	1.42	-4.88
181.02	1.00	1.67	-4.99
181.75	1.00	1.82	-5.09
183.05	1.00	1.01	-4.75
183.75	1.00	1.32	-4.91
184.97	1.00	1.46	-5.17
185.84	1.00	1.68	-5.08
187.05	1.00	1.76	-5.00
187.87	1.00	1.46	-4.91
189.13	1.00	1.51	-5.03
189.75	1.00	1.62	-4.88
190.98	1.00	1.53	-5.02
191.64	1.00	1.54	-5.03
192.75	1.00	1.51	-5.14
193.51	1.00	1.81	-4.97
194.83	1.00	1.04	-5.13
195.68	1.00	1.36	-5.01
197.08	1.00	1.28	-4.99
197.73	1.00	1.34	-5.04
199.01	1.00	1.38	-4.86
199.68	1.00	1.48	-4.71
200.46	1.00	1.07	-4.69
201.76	1.00	1.88	-5.05
202.50	1.00	2.01	-5.02
203.78	1.00	1.75	-4.87
204.24	1.00	1.63	-4.96
205.36	1.00	1.92	-5.14
206.07	1.00	1.72	-5.10
207.35	1.00	1.12	-4.77
208.15	1.00	1.79	-4.73
209.27	1.00	1.21	-4.66
209.82	1.00	2.08	-4.94
211.17	1.00	2.45	-5.11
211.75	1.00	2.50	-5.00
212.94	1.00	1.78	-4.99
214.09	1.00	1.85	-4.95
215.51	1.00	2.38	-5.08
216.45	1.00	2.32	-5.28
217.62	1.00	2.33	-4.93
218.28	1.00	2.44	-5.13
219.68	1.00	2.65	-4.97
220.32	1.00	2.52	-5.11
221.54	1.00	1.96	-5.01
222.26	1.00	1.91	-4.99
223.09	1.00	2.47	-5.01
223.89	1.00	2.43	-5.05
225.50	1.00	2.12	-4.85
226.14	1.00	1.88	-5.20
227.39	1.00	2.01	-4.81
228.29	1.00	1.68	-4.95
229.67	1.00	2.07	-5.16
230.32	1.00	1.83	-5.07
231.85	1.00	2.11	-4.78
232.43	1.00	2.02	-4.97
233.71	1.00	1.73	-4.75
234.48	1.00	1.33	-4.86
235.78	1.00	1.52	-4.70
236.43	1.00	1.40	-4.64
237.78	1.00	1.47	-4.62
238.43	1.00	1.79	-4.81
239.72	1.00	1.71	-4.59
240.42	1.00	2.10	-4.63
241.77	1.00	2.22	-4.75
242.44	1.00	2.11	-5.05
243.69	1.00	1.74	-4.84
244.33	1.00	2.01	-4.97
245.68	1.00	1.87	-4.92
246.40	1.00	1.99	-4.81
247.83	1.00	2.00	-5.01
248.50	1.00	1.90	-5.05
249.34	1.00	1.67	-5.04
249.67	1.00	1.86	-4.96
250.06	1.00	1.71	-4.82
250.36	1.00	1.84	-4.90
250.95	1.00	1.71	-4.94
251.32	1.00	1.65	-5.09
251.69	1.00	1.72	-4.96
251.99	1.00	1.65	-5.07
252.28	1.00	1.75	-5.19
252.60	1.00	1.97	-5.00
253.31	1.00	1.95	-4.99
253.77	1.00	1.97	-5.09
254.06	1.00	1.93	-5.07
254.39	1.00	2.08	-4.93
254.62	1.00	1.92	-5.05
255.14	1.00	1.77	-4.94
255.28	1.00	1.66	-4.55
255.47	1.00	1.23	-4.72
255.60	1.00	1.25	-4.97
255.90	1.00	1.27	-4.97
256.23	1.00	1.76	-5.21
256.31	1.00	1.68	-5.16
257.37	1.00	1.88	-5.24
257.82	1.00	2.00	-5.18
258.17	1.00	1.89	-5.23
258.70	1.00	2.05	-5.02
259.06	1.00	2.09	-4.93
259.61	1.00	1.87	-5.05
260.05	1.00	1.99	-5.05
260.30	1.00	1.74	-4.91
260.68	1.00	1.45	-5.02
261.05	1.00	1.60	-5.10
261.74	1.00	1.45	-5.05
261.99	1.00	1.30	-5.20
262.35	1.00	1.56	-5.08
262.65	1.00	1.66	-5.06
263.02	1.00	1.46	-5.12
263.78	1.00	1.33	-4.93
264.05	1.00	1.26	-4.97
264.37	1.00	1.20	-5.00
264.67	1.00	1.51	-5.04
264.86	1.00	1.24	-5.20
265.53	1.00	1.17	-5.25
265.80	1.00	1.27	-5.29
266.28	1.00	1.26	-5.16
266.62	1.00	1.44	-5.15
266.79	1.00	1.53	-5.22
267.42	1.00	1.54	-5.22
267.90	1.00	1.41	-5.37
268.23	1.00	1.50	-5.22
268.58	1.00	1.44	-5.18
268.98	1.00	1.24	-5.07
269.71	1.00	0.92	-5.05
269.92	1.00	1.07	-5.23
270.28	1.00	1.44	-5.18
270.54	1.00	1.32	-5.17
270.84	1.00	1.63	-5.14
271.65	1.00	1.29	-5.17
271.93	1.00	1.08	-5.17
272.22	1.00	1.05	-5.09
272.51	1.00	1.15	-5.13
272.82	1.00	0.90	-5.10
273.41	1.00	1.10	-4.97
273.82	1.00	1.00	-5.21
274.43	1.00	0.88	-5.12
274.65	1.00	1.43	-4.85
275.07	1.00	1.20	-5.00
275.38	1.00	1.01	-4.95
275.65	1.00	0.82	-4.97
275.74	1.00	1.00	-4.94
275.88	1.00	0.84	-4.98
276.01	1.00	0.71	-4.98
276.21	1.00	0.89	-4.97
276.34	1.00	1.00	-5.01
276.71	1.00	0.95	-5.07
276.95	1.00	0.98	-5.12
277.62	1.00	1.09	-5.03
277.84	1.00	0.97	-4.98
278.26	1.00	0.88	-5.05
278.61	1.00	1.06	-5.00
279.00	1.00	1.20	-5.01
279.52	1.00	1.34	-5.01
279.78	1.00	1.20	-5.12
280.29	1.00	0.94	-5.13
280.65	1.00	1.20	-4.95
281.08	1.00	1.00	-5.00
281.39	1.00	1.02	-5.03
281.70	1.00	0.88	-4.93
282.40	1.00	1.06	-4.89
282.77	1.00	1.15	-4.88
283.08	1.00	1.28	-4.92
283.28	1.00	1.03	-4.95
283.60	1.00	0.90	-5.01
284.36	1.00	0.84	-5.13
284.74	1.00	0.39	-5.19
285.09	1.00	0.54	-5.11
285.40	1.00	0.45	-5.13
285.77	1.00	0.66	-5.18
286.37	1.00	0.99	-5.17
286.73	1.00	0.88	-5.16
286.99	1.00	0.67	-5.37
287.34	1.00	0.69	-5.36
287.63	1.00	0.73	-5.28
288.28	1.00	0.71	-4.93
288.71	1.00	0.52	-5.17
289.04	1.00	0.67	-5.34
289.28	1.00	1.10	-5.13
289.62	1.00	0.63	-5.18
290.29	1.00	0.55	-4.88
290.57	1.00	0.69	-4.83
290.91	1.00	0.72	-5.12
291.10	1.00	0.83	-5.26
291.49	1.00	1.10	-5.29
292.23	1.00	1.13	-5.21
292.66	1.00	1.13	-5.21
292.90	1.00	0.98	-5.24
293.25	1.00	1.03	-5.17
293.60	1.00	0.98	-5.09
294.17	1.00	1.50	-5.13
294.54	1.00	1.18	-5.19
294.92	1.00	1.25	-5.14
295.26	1.00	0.99	-5.37
295.67	1.00	1.10	-5.32
296.35	1.00	0.99	-5.33
296.80	1.00	1.60	-5.30
297.04	1.00	1.40	-5.38
297.47	1.00	1.21	-5.47
297.66	1.00	1.53	-5.34
298.38	1.00	1.30	-5.62
298.77	1.00	2.36	-5.49
298.97	1.00	2.03	-5.51
299.22	1.00	1.25	-5.54
299.56	1.00	1.17	-5.43
300.38	1.00	1.23	-5.49
300.82	1.00	1.34	-5.40
301.17	1.00	1.40	-5.42
301.58	1.00	1.33	-5.55
301.89	1.00	1.31	-5.47
302.46	1.00	1.27	-5.28
302.75	1.00	1.29	-5.29
303.05	1.00	1.11	-5.22
303.32	1.00	1.09	-5.36
303.60	1.00	1.22	-5.28
304.32	1.00	1.41	-5.05
304.53	1.00	1.23	-5.01
304.80	1.00	0.97	-4.99
304.96	1.00	0.69	-5.00
305.21	1.00	0.80	-4.97
305.50	1.00	0.82	-4.93
305.78	1.00	0.89	-5.03
306.31	1.00	0.96	-4.96
306.54	1.00	1.24	-4.78
306.91	1.00	1.17	-5.27
307.22	1.00	1.32	-4.94
307.63	1.00	1.18	-5.12
307.96	1.00	1.22	-5.04
308.27	1.00	1.10	-5.16
308.58	1.00	1.24	-5.12
308.92	1.00	1.11	-4.97
309.20	1.00	1.10	-4.89
309.52	1.00	1.47	-5.00
310.45	1.00	1.16	-5.27
310.72	1.00	1.33	-5.20
311.13	1.00	1.17	-5.35
311.43	1.00	1.23	-4.99
311.76	1.00	0.96	-5.20
312.34	1.00	1.06	-5.31
312.69	1.00	0.96	-5.22
313.04	1.00	1.18	-5.45
313.33	1.00	0.97	-5.23
313.70	1.00	0.95	-5.30
314.26	1.00	0.81	-5.23
314.77	1.00	0.80	-5.18
315.02	1.00	0.87	-5.31
315.34	1.00	1.01	-5.25
315.88	1.00	0.98	-5.27
316.38	1.00	1.02	-5.24
316.75	1.00	0.99	-5.27
317.03	1.00	1.11	-5.22
317.39	1.00	1.13	-5.12
317.77	1.00	1.06	-5.27
318.33	1.00	0.99	-5.42
318.61	1.00	1.08	-5.44
319.07	1.00	0.88	-5.42
319.40	1.00	0.95	-5.29
319.69	1.00	0.93	-5.37
320.10	1.00	1.20	-5.24
320.37	1.00	1.02	-5.24
320.68	1.00	0.80	-5.26
321.31	1.00	0.62	-5.35
321.84	1.00	0.79	-4.99
322.88	1.00	0.93	-5.27
323.58	1.00	0.54	-5.30
325.05	1.00	0.86	-5.61
325.60	1.00	0.95	-5.18
327.11	1.00	0.93	-5.22
329.37	1.00	0.42	-5.30
329.95	1.00	0.54	-5.34
331.31	1.00	0.86	-5.43
332.00	1.00	1.00	-5.44
333.41	1.00	0.66	-5.36
334.12	1.00	0.48	-5.29
335.39	1.00	0.82	-5.37
335.98	1.00	0.94	-5.22
337.47	1.00	0.64	-5.47
337.98	1.00	0.67	-5.10
339.40	1.00	0.16	-5.16
339.95	1.00	0.27	-5.29
341.31	1.00	0.77	-5.27
342.17	1.00	0.50	-5.29
343.46	1.00	0.42	-5.28
344.13	1.00	0.55	-5.05
345.44	1.00	0.28	-5.22
346.05	1.00	0.64	-5.23
347.36	1.00	0.64	-5.43
348.01	1.00	0.53	-5.41
349.25	1.00	0.64	-5.48
349.92	1.00	0.58	-5.35
351.27	1.00	0.35	-5.48
352.03	1.00	0.53	-5.39
353.33	1.00	0.58	-5.37
353.90	1.00	0.69	-5.26
355.58	1.00	0.67	-5.39
355.97	1.00	0.41	-5.59
357.27	1.00	0.36	-5.15
357.81	1.00	0.41	-5.38
359.10	1.00	0.31	-5.25
359.49	1.00	0.32	-5.43
360.59	1.00	0.19	-5.30
361.28	1.00	0.29	-5.40
362.44	1.00	0.41	-5.50
363.36	1.00	0.33	-5.40
364.53	1.00	0.86	-5.48
365.39	1.00	0.65	-5.24
366.67	1.00	0.73	-4.98
367.33	1.00	0.77	-5.32
368.62	1.00	0.68	-5.28
369.33	1.00	0.84	-5.43
370.72	1.00	0.51	-5.20
371.45	1.00	1.37	-5.64
372.68	1.00	0.78	-5.28
373.31	1.00	1.11	-5.09
374.64	1.00	0.70	-5.32
375.38	1.00	0.58	-5.45
376.80	1.00	0.82	-5.52
377.38	1.00	1.28	-5.55
378.79	1.00	1.25	-5.47
379.45	1.00	1.25	-5.38
380.82	1.00	1.58	-5.46
381.34	1.00	1.32	-5.50
382.56	1.00	1.58	-5.34
383.20	1.00	1.72	-5.51
384.69	1.00	1.40	-5.40
385.35	1.00	1.63	-5.35
386.53	1.00	1.56	-5.54
387.51	1.00	1.38	-5.35
388.78	1.00	1.02	-5.36
389.45	1.00	1.09	-5.41
390.99	1.00	1.16	-5.51
391.72	1.00	1.01	-5.46
393.21	1.00	0.95	-5.57
393.88	1.00	1.16	-5.43
395.24	1.00	1.04	-5.44
395.87	1.00	1.04	-5.58
398.80	1.00	0.94	-5.52
399.13	1.00	0.52	-5.62
399.38	1.00	0.73	-5.44
399.66	1.00	1.15	-5.58
399.84	1.00	1.21	-5.73
400.86	1.00	1.10	-5.33
401.53	1.00	1.17	-5.49
402.99	1.00	1.46	-5.55
403.59	1.00	1.10	-5.56
404.92	1.00	1.04	-5.52
405.61	1.00	1.31	-5.32
406.93	1.00	0.96	-5.69
407.70	1.00	0.84	-5.56
408.78	1.00	1.01	-5.56
409.34	1.00	0.91	-5.40
410.07	1.00	0.37	-5.57
411.13	1.00	1.19	-5.70
412.59	1.00	1.01	-5.57
413.17	1.00	1.11	-5.34
414.51	1.00	2.07	-5.11
415.34	1.00	0.93	-5.36
416.77	1.00	0.58	-5.60
417.57	1.00	1.05	-5.65
418.76	1.00	1.35	-5.62
419.51	1.00	1.31	-5.39
420.79	1.00	0.91	-5.63
421.54	1.00	0.77	-5.43
422.76	1.00	0.78	-5.67
422.87	1.00	0.98	-5.74
423.46	1.00	0.85	-5.45
423.56	1.00	1.10	-5.56
424.46	1.00	0.97	-5.53
425.36	1.00	0.83	-5.55
426.58	1.00	0.90	-5.45
427.54	1.00	0.90	-5.74
428.68	1.00	1.01	-5.42
429.46	1.00	0.71	-5.56
430.72	1.00	0.90	-5.75
431.37	1.00	1.02	-5.72
432.58	1.00	1.22	-5.69
433.30	1.00	0.94	-5.44
434.41	1.00	0.47	-5.79
435.07	1.00	0.96	-5.79
436.26	1.00	1.10	-5.75
436.92	1.00	0.98	-5.80
438.42	1.00	0.98	-5.67
438.92	1.00	0.83	-5.86
439.91	1.00	0.68	-5.84
440.01	1.00	0.66	-5.78
440.60	1.00	1.21	-5.62
441.87	1.00	0.65	-6.01
442.58	1.00	0.69	-5.79
443.87	1.00	0.68	-5.58
444.52	1.00	0.91	-5.90
445.91	1.00	0.42	-5.74
446.41	1.00	0.75	-5.76
447.68	1.00	0.47	-5.59
448.39	1.00	0.33	-5.90
449.67	1.00	0.21	-5.57
450.38	1.00	0.74	-5.62
451.62	1.00	0.77	-5.71
452.40	1.00	0.24	-5.74
453.69	1.00	0.13	-5.68
454.34	1.00	-0.43	-5.69
455.44	1.00	0.14	-5.81
455.79	1.00	-0.23	NaN
456.17	1.00	0.42	-5.58
457.60	1.00	-0.12	-5.54
459.28	1.00	0.32	-5.76
460.18	1.00	1.15	NaN
461.02	1.00	0.76	-5.79
461.79	1.00	1.13	-5.68
462.55	1.00	1.31	-5.87
463.66	1.00	1.09	-5.80
464.45	1.00	0.86	-5.86
465.47	1.00	0.86	-5.63
465.76	1.00	0.96	-5.37
466.40	1.00	0.62	-5.54
466.62	1.00	0.57	-5.41
466.88	1.00	0.57	-5.48
467.19	1.00	0.88	-5.49
467.52	1.00	0.84	-5.59
467.72	1.00	0.68	-5.37
467.85	1.00	0.28	-5.35
467.93	1.00	0.07	-5.44
468.18	1.00	0.30	-5.55
468.81	1.00	0.53	-5.71
469.09	1.00	0.96	-5.74
469.44	1.00	1.01	-5.62
470.01	1.00	0.73	-5.93
470.07	1.00	0.76	-5.76
470.55	1.00	1.01	-5.47
470.66	1.00	1.08	-5.61
471.43	1.00	1.03	-5.60
471.93	1.00	1.17	-5.62
471.99	1.00	0.89	-5.88
472.30	1.00	1.27	-5.89
472.46	1.00	1.11	-5.79
472.60	1.00	1.30	-5.59
472.90	1.00	1.00	-5.76
473.61	1.00	1.04	-5.80
473.90	1.00	1.36	-5.77
474.18	1.00	1.31	-5.71
474.50	1.00	1.40	-5.75
474.99	1.00	1.32	-5.66
475.33	1.00	1.45	-5.69
475.67	1.00	1.34	-5.58
475.87	1.00	1.07	-5.67
476.11	1.00	1.09	-5.82
476.64	1.00	1.05	-5.71
476.80	1.00	1.07	-5.77
476.98	1.00	NaN	NaN
477.48	1.00	0.88	-5.66
478.55	1.00	0.83	-5.80
478.97	1.00	0.91	-5.99
479.63	1.00	1.14	-5.84
479.86	1.00	1.00	-5.85
480.17	1.00	0.93	-5.75
480.46	1.00	1.18	-5.78
481.41	1.00	1.60	-5.51
481.53	1.00	1.79	-5.51
481.66	1.00	0.85	-5.42
481.74	1.00	1.17	-5.67
482.06	1.00	1.35	-5.78
482.11	1.00	1.51	-5.81
482.29	1.00	1.50	-5.67
482.53	1.00	1.48	-5.71
482.69	1.00	1.19	-5.57
482.93	1.00	0.89	-5.60
483.13	1.00	0.76	-5.71
483.34	1.00	1.01	-5.68
483.75	1.00	0.82	-5.65
483.81	1.00	0.91	-5.60
484.35	1.00	1.27	-5.72
484.44	1.00	1.41	-5.29
484.91	1.00	1.48	-5.72
485.53	1.00	1.15	-5.93
485.74	1.00	1.47	-5.72
486.12	1.00	1.41	-5.78
486.33	1.00	1.47	-5.79
486.46	1.00	1.46	-5.90
486.95	1.00	1.79	-5.80
487.10	1.00	1.79	-5.70
487.54	1.00	2.35	-5.89
487.88	1.00	1.77	-5.68
488.43	1.00	2.08	-5.72
488.83	1.00	1.87	-5.82
488.98	1.00	2.17	-5.61
489.73	1.00	1.93	-5.76
490.05	1.00	1.98	-5.82
490.24	1.00	1.92	-5.73
490.92	1.00	1.86	-5.50
491.30	1.00	1.44	-5.61
491.65	1.00	1.54	-5.75
492.08	1.00	1.28	-5.64
492.38	1.00	1.53	-5.58
492.70	1.00	1.56	-5.83
493.02	1.00	1.64	-5.79
493.42	1.00	1.61	-5.79
493.61	1.00	1.71	-5.82
493.85	1.00	1.30	-5.82
494.70	1.00	1.56	-5.61
494.96	1.00	1.65	-5.56
495.31	1.00	1.48	-5.60
495.73	1.00	1.50	-5.57
496.14	1.00	1.48	-5.66
496.47	1.00	1.44	-5.75
496.92	1.00	1.53	-5.67
497.28	1.00	1.52	-5.31
497.53	1.00	1.42	-5.25
497.63	1.00	1.29	-5.40
498.02	1.00	1.13	-5.35
498.89	1.00	1.27	-5.37
499.05	1.00	1.25	-5.19
499.41	1.00	1.21	-5.57
499.59	1.00	1.10	-5.51
500.10	1.00	1.08	-5.57
500.39	1.00	1.03	-5.60
500.72	1.00	1.20	-5.95
500.90	1.00	1.15	-5.80
501.19	1.00	1.23	-5.83
501.21	1.00	0.95	-5.82
501.49	1.00	0.99	-5.64
501.80	1.00	1.03	-5.64
502.28	1.00	1.07	-5.60
502.64	1.00	1.02	-5.54
503.06	1.00	0.91	-5.77
503.35	1.00	0.73	-5.80
503.82	1.00	0.83	-5.52
504.31	1.00	0.96	-5.58
504.50	1.00	0.93	-5.59
504.80	1.00	1.01	-5.87
504.99	1.00	1.03	-5.90
505.25	1.00	1.35	-5.72
505.60	1.00	2.04	-5.49
505.81	1.00	1.82	-5.29
505.83	1.00	2.34	-5.29
505.85	1.00	1.51	-5.43
506.19	1.00	1.22	-5.72
506.83	1.00	1.08	-5.68
506.97	1.00	1.04	-5.71
507.36	1.00	0.87	-5.68
507.65	1.00	0.99	-5.48
508.08	1.00	0.76	-5.65
508.65	1.00	0.88	-5.75
508.93	1.00	0.83	-5.63
509.44	1.00	0.85	-5.80
509.67	1.00	0.96	-5.78
509.86	1.00	0.92	-5.88
510.26	1.00	0.84	-5.58
510.57	1.00	0.94	-5.62
510.99	1.00	0.98	-5.66
511.21	1.00	1.18	-5.51
511.69	1.00	1.06	-5.54
512.31	1.00	1.11	-5.90
512.47	1.00	0.98	-5.68
512.67	1.00	1.21	-5.64
512.96	1.00	1.03	-5.67
513.36	1.00	0.82	-5.97
513.95	1.00	0.76	-5.77
514.14	1.00	0.96	-5.85
514.78	1.00	0.97	-5.83
515.23	1.00	0.96	-5.75
515.85	1.00	1.00	-5.79
516.42	1.00	1.17	-5.78
516.61	1.00	1.39	-5.82
517.18	1.00	1.11	-5.99
517.31	1.00	1.12	-5.68
518.12	1.00	1.07	-5.72
518.54	1.00	1.34	-5.79
518.92	1.00	1.14	-5.70
519.16	1.00	1.01	-5.79
519.40	1.00	1.03	-5.75
519.94	1.00	1.28	-5.88
520.67	1.00	0.77	-5.67
521.26	1.00	0.87	-5.65
521.37	1.00	0.99	-5.58
521.66	1.00	1.02	-5.61
521.94	1.00	1.05	-5.60
522.24	1.00	1.24	-5.50
523.64	1.00	0.79	-5.83
523.76	1.00	0.89	-5.81
524.05	1.00	0.98	-5.86
524.14	1.00	0.92	-5.98
524.54	1.00	0.85	-5.94
524.86	1.00	0.58	-5.86
525.12	1.00	0.80	-5.79
525.34	1.00	0.80	-5.78
525.81	1.00	0.98	-5.70
526.16	1.00	1.22	-5.61
527.04	1.00	1.23	-5.62
527.36	1.00	1.29	-5.63
527.68	1.00	1.75	-5.55
527.97	1.00	1.60	-5.32
528.27	1.00	1.61	-5.44
528.58	1.00	0.04	-5.45
528.63	1.00	0.47	-5.60
528.74	1.00	0.24	-5.64
529.21	1.00	0.36	-5.67
529.38	1.00	0.32	-5.54
530.00	1.00	0.43	-5.81
530.32	1.00	0.38	-5.80
531.00	1.00	0.38	-5.76
531.53	1.00	0.28	-5.83
531.79	1.00	0.29	-5.88
532.18	1.00	0.26	-5.93
532.66	1.00	0.18	-5.72
533.09	1.00	0.60	-5.97
533.38	1.00	0.07	-6.00
533.79	1.00	0.24	-5.69
533.96	1.00	0.31	-5.83
534.20	1.00	0.61	-5.86
534.70	1.00	0.50	-5.92
535.41	1.00	0.24	-5.90
535.65	1.00	0.42	-5.72
535.91	1.00	0.27	-5.85
536.30	1.00	0.00	-5.78
536.59	1.00	0.13	-6.01
537.45	1.00	0.28	-5.89
537.59	1.00	-0.14	-5.73
537.87	1.00	0.24	-6.06
538.22	1.00	0.24	-5.86
538.55	1.00	0.17	-5.84
539.08	1.00	0.45	-6.07
539.37	1.00	0.16	-5.92
539.61	1.00	0.30	-6.04
539.90	1.00	-0.25	-5.88
540.07	1.00	0.15	-6.10
540.82	1.00	0.57	-6.04
541.22	1.00	0.19	-6.03
541.70	1.00	0.55	-6.23
541.90	1.00	0.25	-6.07
542.22	1.00	0.31	-6.10
543.24	1.00	0.46	-6.04
543.63	1.00	0.34	-5.96
544.18	1.00	0.41	-6.08
544.46	1.00	0.28	-6.07
544.63	1.00	0.32	-6.13
545.46	1.00	0.26	-6.00
545.91	1.00	0.13	-6.02
546.24	1.00	0.29	-6.08
546.70	1.00	-0.22	-5.82
546.82	1.00	0.02	-5.97
547.42	1.00	0.26	-6.00
547.81	1.00	-0.11	-6.07
548.17	1.00	0.26	-6.01
548.26	1.00	0.24	-6.04
548.58	1.00	-0.09	-6.14
549.13	1.00	0.12	-6.33
549.55	1.00	0.11	-6.26
549.87	1.00	0.11	-6.15
550.25	1.00	0.02	-5.80
550.66	1.00	0.24	-6.06
551.34	1.00	-0.26	-5.95
551.89	1.00	-0.19	-6.04
552.17	1.00	-0.29	-6.05
552.42	1.00	-0.20	-5.99
552.67	1.00	-0.41	-5.92
553.18	1.00	-0.32	-6.11
553.46	1.00	-0.27	-6.00
553.77	1.00	-0.33	-6.03
554.22	1.00	-0.31	-6.02
554.66	1.00	-0.51	-6.13
555.23	1.00	-0.46	-6.09
555.54	1.00	-0.17	-6.13
555.77	1.00	-0.17	-6.14
555.84	1.00	0.22	-6.02
556.53	1.00	-0.26	-6.00
557.47	1.00	0.03	-6.12
557.65	1.00	0.06	-6.08
557.86	1.00	-0.49	-5.84
558.29	1.00	-0.52	-5.99
558.62	1.00	-0.48	-6.04
559.34	1.00	-0.23	-6.14
559.71	1.00	-0.33	-6.11
560.04	1.00	-0.18	-6.41
560.36	1.00	-0.19	-6.37
560.68	1.00	-0.11	-6.41
561.32	1.00	-0.34	-6.29
561.64	1.00	-0.62	-6.12
561.92	1.00	-0.30	-6.24
562.22	1.00	-0.12	-6.16
562.55	1.00	0.09	-6.16
563.31	1.00	0.01	-6.38
563.62	1.00	0.14	-6.39
563.86	1.00	-0.08	-6.34
564.19	1.00	0.21	-6.25
564.28	1.00	0.04	-6.32
564.73	1.00	0.81	-6.25
565.06	1.00	0.78	-6.17
565.37	1.00	0.47	-6.25
565.78	1.00	0.48	-6.23
565.99	1.00	0.46	-6.37
567.31	1.00	0.31	-6.36
567.64	1.00	0.21	-6.14
567.89	1.00	0.24	-6.21
568.10	1.00	0.64	-6.22
568.85	1.00	0.58	-6.29
569.32	1.00	0.20	-6.11
569.52	1.00	0.35	-6.08
570.04	1.00	-0.52	-6.06
570.30	1.00	0.02	-6.05
570.67	1.00	0.67	-6.48
571.11	1.00	1.36	-6.41
571.54	1.00	1.06	-6.29
571.74	1.00	1.20	-6.27
572.15	1.00	1.76	-6.31
572.44	1.00	1.00	-6.21
572.86	1.00	0.94	-6.35
573.45	1.00	0.82	-6.32
573.70	1.00	0.87	-6.21
573.90	1.00	1.05	-6.32
574.29	1.00	1.43	-6.26
574.59	1.00	1.35	-6.33
575.11	1.00	1.60	-6.24
575.41	1.00	1.11	-6.36
576.29	1.00	1.18	-6.34
577.11	1.00	0.37	-6.01
577.47	1.00	1.91	-6.31
578.12	1.00	1.62	-6.25
578.55	1.00	0.36	-6.08
578.68	1.00	0.22	-6.26
578.92	1.00	0.16	-6.02
579.01	1.00	0.30	-6.14
579.30	1.00	0.07	-6.08
579.63	1.00	0.27	-6.25
579.91	1.00	0.02	-6.41
580.66	1.00	0.11	-6.32
581.76	1.00	-0.02	-6.39
582.26	1.00	-0.55	-6.30
583.08	1.00	-0.56	-6.37
583.24	1.00	-0.49	-6.37
583.46	1.00	0.13	-6.33
583.87	1.00	0.44	-6.53
584.05	1.00	0.35	-5.92
584.18	1.00	0.59	-6.00
584.81	1.00	0.97	-5.95
585.19	1.00	0.96	-5.87
585.40	1.00	0.62	-6.04
586.01	1.00	0.81	-6.09
586.20	1.00	0.69	-5.93
586.54	1.00	0.69	-6.08
587.31	1.00	0.69	-5.56
587.99	1.00	0.58	-5.99
588.24	1.00	0.67	-5.87
588.25	1.00	0.36	-5.85
588.26	1.00	0.58	-5.78
588.50	1.00	0.37	-5.79
588.58	1.00	0.65	-5.75
589.20	1.00	0.46	-5.88
589.78	1.00	0.29	-5.91
590.14	1.00	0.28	-5.78
590.67	1.00	0.18	-5.82
590.86	1.00	0.27	-5.78
591.20	1.00	0.42	-6.01
591.79	1.00	0.55	-5.95
591.98	1.00	0.36	-5.97
592.42	1.00	0.36	-6.02
592.69	1.00	0.32	-5.84
593.19	1.00	0.56	-5.89
593.78	1.00	1.00	-5.92
594.09	1.00	1.12	-5.73
594.44	1.00	0.80	-5.88
594.91	1.00	0.66	-5.99
595.43	1.00	0.34	-6.19
596.16	1.00	0.39	-5.89
596.68	1.00	0.71	-5.86
596.82	1.00	0.59	-5.85
597.04	1.00	0.76	-5.80
597.43	1.00	0.81	-5.83
597.87	1.00	0.67	-6.23
598.41	1.00	0.61	-5.92
598.64	1.00	0.87	-5.96
599.21	1.00	0.86	-5.96
599.29	1.00	0.66	-6.09
600.01	1.00	0.82	-6.09
600.34	1.00	0.90	-5.80
600.41	1.00	0.82	-6.06
601.06	1.00	0.88	-5.83
601.28	1.00	0.92	-5.78
602.13	1.00	0.79	-5.99
602.47	1.00	0.77	-5.84
602.82	1.00	0.86	-5.80
603.10	1.00	0.85	-5.93
603.53	1.00	0.76	-5.96
604.22	1.00	1.04	-5.57
604.63	1.00	1.11	-5.85
604.88	1.00	1.65	-5.59
605.30	1.00	1.70	-5.37
605.58	1.00	0.69	-5.25
606.24	1.00	0.30	-6.04
606.73	1.00	0.10	-5.66
607.06	1.00	0.31	-5.67
607.41	1.00	0.24	-5.56
607.74	1.00	0.27	-5.79
608.46	1.00	0.51	-5.64
608.68	1.00	1.32	-5.58
608.95	1.00	1.41	-5.54
609.02	1.00	1.27	-5.54
609.16	1.00	1.57	-5.50
609.63	1.00	2.38	-5.53
610.01	1.00	2.28	-5.63
610.51	1.00	2.60	-5.22
610.67	1.00	2.78	-5.05
610.82	1.00	2.36	-5.44
610.93	1.00	2.85	-5.72
611.00	1.00	3.17	-5.58
611.12	1.00	2.32	-5.56
611.48	1.00	1.48	-5.64
611.71	1.00	0.94	-5.70
612.20	1.00	1.03	-5.69
612.52	1.00	1.24	-5.52
612.60	1.00	0.99	-5.37
613.05	1.00	1.13	-5.48
613.45	1.00	0.75	-5.63
613.91	1.00	0.84	-5.62
614.63	1.00	1.03	-5.54
614.75	1.00	1.35	-5.59
614.93	1.00	1.54	-5.64
615.53	1.00	1.49	-5.69
616.15	1.00	1.70	-5.46
616.70	1.00	2.07	-5.40
617.24	1.00	2.09	-5.44
617.61	1.00	1.87	-5.45
617.84	1.00	1.87	-5.81
618.00	1.00	2.10	-5.77
618.10	1.00	2.51	-5.58
618.17	1.00	2.41	-5.56
618.46	1.00	2.55	-5.66
618.80	1.00	2.57	-5.67
619.27	1.00	2.63	-5.66
620.10	1.00	2.00	-5.55
620.40	1.00	1.75	-5.56
620.84	1.00	2.03	-5.51
621.05	1.00	2.12	-5.53
621.48	1.00	2.18	-5.61
622.43	1.00	2.15	-5.26
622.48	1.00	2.50	-5.21
622.94	1.00	2.49	-5.30
623.03	1.00	3.02	-5.30
623.19	1.00	2.03	-5.69
623.73	1.00	1.96	-5.63
623.80	1.00	2.43	-5.67
624.46	1.00	3.59	-5.34
624.68	1.00	3.79	-5.35
625.01	1.00	1.49	-5.67
626.14	1.00	1.09	-5.40
626.62	1.00	1.16	-5.41
626.90	1.00	0.79	-5.45
627.49	1.00	1.09	-5.46
627.90	1.00	1.58	-5.32
628.62	1.00	2.00	-5.56
629.17	1.00	2.02	-5.66
630.02	1.00	1.62	-5.44
631.03	1.00	1.60	-5.40
631.21	1.00	1.37	-5.38
631.93	1.00	1.69	-5.21
632.01	1.00	1.78	-5.23
632.95	1.00	1.84	-5.46
633.58	1.00	1.66	-5.45
633.87	1.00	2.05	-5.47
634.39	1.00	1.97	-5.28
634.65	1.00	1.89	-5.30
634.72	1.00	2.12	-5.28
634.93	1.00	2.29	-5.44
634.99	1.00	2.68	-5.27
635.57	1.00	2.28	-5.48
635.74	1.00	2.16	-5.41
636.00	1.00	2.17	-5.39
636.69	1.00	1.94	-5.49
636.82	1.00	2.30	-5.34
637.35	1.00	2.32	-5.08
637.82	1.00	2.82	-5.17
638.02	1.00	3.07	-5.17
638.29	1.00	2.83	-5.33
638.55	1.00	2.69	-5.29
639.88	1.00	2.06	-5.46
640.08	1.00	1.66	-5.34
640.37	1.00	1.66	-5.28
640.48	1.00	1.79	-5.26
640.84	1.00	2.27	-5.29
640.90	1.00	2.33	-5.21
641.07	1.00	2.47	-5.36
641.23	1.00	2.78	-5.30
642.05	1.00	3.08	-5.33
642.44	1.00	3.04	-5.31
642.63	1.00	3.01	-5.22
643.42	1.00	2.88	-4.94
643.89	1.00	2.41	-5.06
644.94	1.00	2.35	-5.15
645.42	1.00	3.31	-5.09
645.83	1.00	4.14	-4.94
646.03	1.00	2.08	-4.93
646.59	1.00	2.16	-4.96
647.21	1.00	2.46	-4.87
647.61	1.00	2.20	-4.97
